w=-0.8271087764113807*15.351435007532093*-199.36313054213338*201.84303537819494*-1000.4000669834264*1000.6714833472428*-4999.966464248556*5000.342645355425*-49999.819201008075*49999.80350169816*0.36664340703797693*-1.974203948165014*-3.1462714247145684*-4.574399864624109*
total=59
win=32
