w=0.013003864892723031*15.869543784268682*-199.411217005577*202.05015340423677*-1000.4828696495575*1000.7429947551017*-4999.993924318811*5000.370063181255*-49999.80346477207*49999.78848416269*0.6370416482417549*-1.4175441789624026*0.3604151328787505*-4.502718631805339*
total=71
win=40
