w=0*18.809750393095477*-198.39206664309197*202.14636202401113*-1000.0581483052974*1000.0822251804219*-5000.043349564183*5000.087327794446*-50000.01515615016*49999.99248755417*-0.9330137234424838*0.9401228822380765*0.6626484029991057*1.0999946718666695*0.17161819029128442*0.37210243817853483*
total=18
win=12
