w=0*18.08862349503126*-198.76992927451377*201.80522297119325*-1000.0405234247168*1000.0787489914593*-5000.026088875478*5000.0451207885435*-50000.00362854542*50000*-0.9330137234424838*1.181329352457444*0.3934030036992534*1.0713844550204328*0.04390192248866179*0.28536245868940624*
total=12
win=10
